
 epochs   TRAIN_error   TEST_error
    1     0.5863215     0.5814854
    2     0.5863215     0.5814854
    3     0.5863215     0.5814854
    4     0.5791778     0.5778069
    5     0.5782575     0.5766954
    6     0.5782575     0.5766954
    7     0.5782575     0.5766954
    8     0.5782575     0.5766954
    9     0.5777975     0.5763513
   10     0.5777975     0.5763513
   11     0.5777975     0.5763513
   12     0.5777975     0.5763513
   13     0.5777975     0.5763513
   14     0.5777975     0.5763513
   15     0.5777975     0.5763513
   16     0.5777975     0.5763513
   17     0.5777809     0.5762527
   18     0.5777809     0.5762527
   19     0.5777809     0.5762527
   20     0.5777809     0.5762527
   21     0.5777809     0.5762527
   22     0.5777809     0.5762527
   23     0.5776469     0.5761341
   24     0.5776469     0.5761341
   25     0.5776469     0.5761341
   26     0.5776469     0.5761341
   27     0.5776469     0.5761341
   28     0.5775846     0.5760906
   29     0.5775846     0.5760906
   30     0.5775846     0.5760906
   31     0.5775846     0.5760906
   32     0.5775812     0.5760921
   33     0.5775812     0.5760921
   34     0.5775812     0.5760921
   35     0.5775812     0.5760921
   36     0.5775812     0.5760921
   37     0.5775812     0.5760921
   38     0.5775812     0.5760921
   39     0.5775812     0.5760921
   40     0.5775812     0.5760921
   41     0.5775812     0.5760921
   42     0.5775812     0.5760921
   43     0.5775812     0.5760921
   44     0.5775812     0.5760921
   45     0.5775812     0.5760921
   46     0.5775812     0.5760921
   47     0.5775812     0.5760921
   48     0.5775812     0.5760921
   49     0.5775812     0.5760921
   50     0.5775812     0.5760921
   51     0.5775812     0.5760921
   52     0.5775812     0.5760921
   53     0.5775812     0.5760921
   54     0.5775812     0.5760921
   55     0.5775812     0.5760921
   56     0.5775812     0.5760921
   57     0.5775812     0.5760921
   58     0.5775812     0.5760921
   59     0.5775812     0.5760921
   60     0.5775812     0.5760921
   61     0.5775812     0.5760921
   62     0.5775812     0.5760921
   63     0.5775812     0.5760921
   64     0.5775812     0.5760921
   65     0.5775812     0.5760921
   66     0.5775812     0.5760921
   67     0.5775812     0.5760921
   68     0.5775812     0.5760921
   69     0.5775812     0.5760921
   70     0.5775812     0.5760921
   71     0.5775812     0.5760921
   72     0.5775812     0.5760921
   73     0.5775812     0.5760921
   74     0.5775812     0.5760921
   75     0.5775812     0.5760921
   76     0.5775812     0.5760921
   77     0.5775812     0.5760921
   78     0.5775812     0.5760921
   79     0.5775812     0.5760921
   80     0.5775812     0.5760921
   81     0.5775812     0.5760921
   82     0.5775812     0.5760921
   83     0.5775812     0.5760921
   84     0.5775812     0.5760921
   85     0.5775812     0.5760921
   86     0.5775812     0.5760921
   87     0.5775812     0.5760921
   88     0.5775812     0.5760921
   89     0.5775812     0.5760921
   90     0.5775812     0.5760921
   91     0.5775812     0.5760921
   92     0.5775812     0.5760921
   93     0.5775812     0.5760921
   94     0.5775812     0.5760921
   95     0.5775812     0.5760921
   96     0.5775812     0.5760921
   97     0.5775812     0.5760921
   98     0.5775812     0.5760921
   99     0.5775812     0.5760921
  100     0.5775812     0.5760921
TRAIN ERROR =  0.5775812
TEST  ERROR =  0.5760921
VAL   ERROR =  0.5828184
 